%YAML:1.0
---
detector: !!opencv-object-detector-hog
   winSize: [ 64, 64 ]
   blockSize: [ 16, 16 ]
   blockStride: [ 8, 8 ]
   cellSize: [ 8, 8 ]
   nbins: 9
   derivAperture: 1
   winSigma: 4.
   histogramNormType: 0
   L2HysThreshold: 2.0000000000000001e-01
   gammaCorrection: 1
   nlevels: 64
   signedGradient: 0
   SVMDetector: [ 1.04339449e-02, 7.30055850e-03, 7.13737158e-04,
       -2.39978097e-02, -1.65453423e-02, -9.68935713e-03, 2.10162462e-03,
       1.12541765e-02, 8.17447063e-03, -5.89361414e-04, 9.21791233e-03,
       1.14241987e-02, -9.04722326e-03, 2.06065178e-02, 1.82481185e-02,
       8.02638568e-03, 1.64020732e-02, -2.82791955e-03, 7.84444041e-04,
       3.22015258e-03, 1.05472365e-02, 1.34317391e-03, -5.99171501e-03,
       8.01552832e-03, -7.57709320e-04, 1.48512395e-02, 7.69931963e-03,
       -1.73623245e-02, -1.16271283e-02, 1.05913356e-02, -8.06324556e-03,
       1.06263198e-02, 1.07647432e-03, -8.92970525e-03, 9.55030508e-03,
       -2.88561033e-03, -2.63757892e-02, -9.10915993e-03,
       -4.16237162e-03, -7.31981592e-04, 2.65506213e-04, -1.06814895e-02,
       -1.81228835e-02, -1.79871824e-02, -2.33918540e-02, 1.93944629e-02,
       4.03591879e-02, 2.47307662e-02, 3.72267403e-02, 2.82944813e-02,
       3.67085449e-02, 3.35240662e-02, 2.46375352e-02, 1.74828283e-02,
       -2.92043667e-02, -1.77778900e-02, -1.48074236e-02,
       -2.05930527e-02, -1.91525854e-02, -3.03108394e-02,
       -3.69609632e-02, -1.97346769e-02, -2.93275565e-02,
       -8.33973754e-03, 5.34926727e-03, -1.89939458e-02, -1.92525573e-02,
       -8.82169511e-03, 3.93957784e-03, 2.23907782e-03, 1.01268310e-02,
       -1.25268232e-02, -1.05375862e-02, 3.04498803e-03, -1.63501855e-02,
       -2.98313238e-02, -1.36003159e-02, 1.94415301e-02, 4.80573671e-03,
       1.78954694e-02, -4.57472587e-03, 2.70881224e-02, 3.25166360e-02,
       1.99422482e-02, 4.46428806e-02, 2.18738690e-02, 1.66179165e-02,
       6.53308704e-02, 5.80187701e-02, 3.26396115e-02, -3.56111191e-02,
       -2.77067218e-02, -4.24331948e-02, -4.87266369e-02,
       -5.46380281e-02, -3.04700062e-02, -2.04315782e-02,
       -6.58345735e-03, -2.29501110e-02, -1.74961165e-02,
       -1.46433739e-02, -1.48772281e-02, -5.48940245e-03,
       -2.07887404e-02, -1.78271774e-02, 2.20976826e-02, 1.69611704e-02,
       1.51967187e-03, 1.44580216e-03, 4.00235644e-03, -9.70364269e-03,
       -4.30317741e-05, 1.68635659e-02, 2.70972103e-02, 3.63355391e-02,
       3.95286083e-02, 6.88612694e-03, -1.56412739e-02, -1.64289419e-02,
       -2.67294738e-02, -1.73731241e-02, -4.05073836e-02,
       -2.67324932e-02, 6.52239984e-03, 2.09767860e-03, -1.53232906e-02,
       -1.63181685e-02, -1.18841929e-02, -1.64767355e-02,
       -1.55826276e-02, -2.56329379e-03, 1.15273679e-02, 2.26602182e-02,
       6.54653972e-03, -1.04968790e-02, -7.12718116e-03, -7.65537098e-03,
       -2.78826226e-02, -2.97151301e-02, -2.22355556e-02,
       -2.90140174e-02, -8.59346427e-03, -1.53415799e-02,
       -2.16886885e-02, 1.00926803e-02, 7.06496532e-04, -8.69189762e-03,
       -3.08186729e-02, -1.46877645e-02, -1.03328726e-03, 2.96778325e-02,
       1.65039226e-02, 6.72125351e-03, -1.23353172e-02, -4.24527889e-03,
       -1.35150533e-02, -2.93531325e-02, -3.75871770e-02,
       -6.91481158e-02, -2.11046729e-02, -1.04019092e-02,
       -1.47519121e-02, 4.46660109e-02, 2.92629693e-02, -5.09508354e-05,
       -1.06180580e-02, 3.36037241e-02, 3.53841931e-02, 5.54682277e-02,
       3.24292444e-02, 3.46058682e-02, 9.07693896e-03, 2.94714049e-03,
       -1.15262792e-02, -3.51440646e-02, -2.20960304e-02,
       -4.42887805e-02, -8.26919172e-03, 1.80620758e-03, 1.46384249e-04,
       -3.32938530e-03, 1.15728620e-02, 4.33597062e-03, -6.28356263e-03,
       3.39883030e-03, -1.51746413e-02, -3.69130867e-03, -3.38487141e-03,
       -5.05702198e-03, -1.59669239e-02, -7.25756690e-04,
       -1.14261980e-04, -1.86303705e-02, 1.31836138e-03, -1.57315284e-02,
       -2.03909110e-02, -2.47161649e-02, -2.82470379e-02, 3.09622996e-02,
       2.33609956e-02, 7.56795844e-03, 4.69852181e-04, 1.25361616e-02,
       1.81461256e-02, 2.16083191e-02, 2.26335227e-02, 2.40728352e-02,
       1.62165910e-02, 6.79263007e-03, -1.59495091e-03, -1.79409352e-03,
       3.04587297e-02, -5.05084265e-03, -1.04843406e-02, 7.33657333e-04,
       7.88129028e-03, 5.76962717e-03, 1.13932230e-02, 1.42801590e-02,
       4.75232198e-04, 1.61743369e-02, 2.44034850e-03, -3.30115110e-03,
       -6.30795816e-03, -2.27406295e-03, 5.49147790e-03, 4.27773967e-03,
       1.23078264e-02, -7.03653973e-03, 1.37690036e-02, -8.03515501e-03,
       -1.40565373e-02, -4.21808213e-02, -7.23650167e-03, 2.08719764e-02,
       1.14834122e-02, 9.61898919e-03, 5.23327803e-03, 2.24114023e-02,
       2.52201664e-03, 1.32635776e-02, 2.24018469e-02, 2.41633859e-02,
       1.18924230e-02, 4.56412975e-03, 1.39806904e-02, -2.18651537e-02,
       2.11272128e-02, -9.87524074e-03, 1.08776372e-02, -9.85123217e-03,
       1.25908926e-02, 6.65586995e-05, 9.88501962e-03, 1.16182240e-02,
       -2.96534924e-03, 1.31921750e-02, 2.54530227e-03, -3.59325972e-03,
       1.46057820e-02, 1.10194897e-02, 2.79058865e-03, -2.14200537e-03,
       4.29634796e-03, -1.52465301e-02, 1.18188013e-03, -6.05335459e-03,
       2.82627600e-03, 2.05792431e-02, 2.25027855e-02, -2.47404096e-03,
       1.08294077e-02, 5.53420465e-03, -1.36680016e-02, -8.25550524e-04,
       -7.60153728e-03, -2.71391077e-03, 5.32600237e-03, -2.02798587e-03,
       1.04352515e-02, -9.57019278e-04, -1.09689264e-03, -7.70156458e-03,
       5.94580313e-03, -7.70168961e-04, 1.93324685e-02, 1.39994361e-02,
       8.47596955e-03, -2.19713282e-02, -2.03561243e-02, -1.79529469e-02,
       -2.67896615e-02, -1.67649779e-02, 1.78070943e-04, -5.61214704e-03,
       -1.07301469e-03, -1.70037337e-02, -4.69792448e-03, 6.42496068e-03,
       -7.86422007e-03, -1.36648752e-02, -1.29419835e-02, 2.64348872e-02,
       3.17206569e-02, 3.36805917e-02, -4.50009806e-03, -2.81745959e-02,
       -2.31542662e-02, -5.11340844e-03, -1.88329462e-02,
       -1.44365383e-03, -4.56115277e-03, 1.82081293e-03, -3.37932725e-03,
       -3.17077599e-02, 2.27874368e-02, 2.30442081e-02, 3.54923457e-02,
       2.94208061e-02, -1.78914357e-04, -5.01399906e-03, 2.11423989e-02,
       3.75957638e-02, 1.17472345e-02, -3.88347134e-02, -2.23878957e-02,
       -3.37505527e-02, -3.99521552e-02, -4.58503701e-02,
       -1.23854764e-02, -1.81097724e-02, -1.20598888e-02,
       -3.20306718e-02, -1.44767379e-02, -5.32263611e-03,
       -4.88668261e-03, 1.28195025e-02, 2.19769310e-03, 2.98598167e-02,
       2.09624264e-02, 1.07011190e-02, -4.26729489e-03, -2.16667056e-02,
       -5.47971902e-03, -1.87637880e-02, -2.25427020e-02,
       -4.70055118e-02, -3.62132527e-02, -1.71319693e-02,
       -1.12024890e-02, -3.85335572e-02, 2.81412378e-02, 4.51205187e-02,
       4.02880572e-02, 4.78255823e-02, 3.55180353e-02, 2.22607628e-02,
       2.81022321e-02, 3.16858962e-02, 1.17752273e-02, -2.17921641e-02,
       -2.02246960e-02, -2.78477538e-02, -4.00390103e-02,
       -1.63133517e-02, 7.20167765e-03, -2.36870535e-02, -2.38576364e-02,
       -2.18740012e-02, -8.29486456e-03, -7.76346633e-03,
       -2.86270678e-02, -2.33651157e-02, -2.21689958e-02,
       -1.41681836e-03, -2.02959292e-02, -1.98566299e-02,
       -1.76722370e-02, -1.42283319e-02, -1.31974621e-02,
       -1.37201678e-02, 2.28795619e-03, 3.97530710e-03, 1.68068847e-03,
       -1.55698191e-02, -1.31207276e-02, -1.41573371e-02, 9.72579513e-03,
       2.96901353e-03, 6.38120924e-04, 1.99504639e-03, 9.53120645e-03,
       2.54220515e-02, 1.18280947e-02, 5.94300777e-03, 1.69113092e-02,
       1.18303867e-02, -1.77392561e-03, -2.75483727e-02, -1.89049374e-02,
       -2.93535795e-02, 3.14274244e-03, 2.71209655e-03, 8.88111535e-03,
       5.43945609e-03, -1.85840428e-02, -2.65740659e-02, -4.17004935e-02,
       -4.51977625e-02, -6.99781477e-02, -5.78359030e-02,
       -3.50756012e-02, -1.80522017e-02, -2.32047271e-02, 6.21327050e-02,
