%YAML:1.0
---
detector: !!opencv-object-detector-hog
   winSize: [ 64, 64 ]
   blockSize: [ 16, 16 ]
   blockStride: [ 8, 8 ]
   cellSize: [ 8, 8 ]
   nbins: 9
   derivAperture: 1
   winSigma: 4.
   histogramNormType: 0
   L2HysThreshold: 2.0000000000000001e-01
   gammaCorrection: 1
   nlevels: 64
   signedGradient: 0
   SVMDetector: [ -1.90871861e-02, -5.62312780e-03, -1.07618459e-02,
       -2.12788414e-02, 3.01228799e-02, -1.21893799e-02, -1.12889968e-02,
       7.48239597e-03, -1.63404178e-02, -6.34061312e-03, 6.41235430e-03,
       -4.24535619e-03, -2.19575018e-02, 1.18579334e-02, -1.68599654e-02,
       -1.68838538e-02, 2.40817200e-02, -2.77323509e-03, 6.31879410e-03,
       1.90060411e-03, 2.08944292e-03, 1.49614401e-02, 9.41658858e-03,
       7.45526282e-03, -1.17776701e-02, 1.32103721e-02, 6.76093483e-03,
       -4.59440611e-03, 4.54595732e-03, 1.12030739e-02, 4.36277129e-03,
       6.97045121e-03, -1.71713382e-02, -1.18615339e-02, 2.04224605e-02,
       -7.50173291e-04, -3.71326804e-02, -3.13852914e-03,
       -8.54413211e-03, -3.41620632e-02, -2.03318559e-02,
       -1.29966671e-02, -2.40477789e-02, -1.86681189e-02,
       -4.67016324e-02, 2.05475334e-02, 3.89237255e-02, 2.72643231e-02,
       2.21047495e-02, 2.28296313e-02, 6.11919612e-02, 4.72004712e-02,
       2.49054451e-02, -1.66418357e-03, -3.21388766e-02, -1.19256051e-02,
       -2.77463091e-03, -1.88905932e-02, -1.74061470e-02,
       -3.46862860e-02, -2.05061361e-02, -3.13553140e-02,
       -4.09003645e-02, 2.29693055e-02, 2.82708593e-02, 2.20887717e-02,
       -2.03663036e-02, 3.11541557e-02, 2.99875643e-02, 6.06472977e-03,
       -8.72188061e-03, -5.04163094e-03, -3.42330858e-02,
       -2.06779726e-02, -3.96744944e-02, -4.84614260e-02,
       -1.39246285e-02, -1.43742410e-03, -2.09061243e-02,
       -8.58477503e-03, -3.71390842e-02, 2.85121854e-02, 4.85641137e-02,
       2.79718079e-02, 3.17995287e-02, 3.75329815e-02, 4.98380847e-02,
       8.80482048e-02, 7.74291605e-02, 5.65474443e-02, -2.58542653e-02,
       -2.16831733e-02, -3.84029970e-02, -6.70416653e-02,
       -5.06283939e-02, -4.33770232e-02, -4.94694412e-02,
       -4.83203866e-02, -3.81262861e-02, 5.29409503e-04, 1.28725842e-02,
       2.73929890e-02, -1.46286478e-02, -1.55543741e-02, -8.31606914e-04,
       2.85262913e-02, 5.68922004e-03, 1.77268870e-04, -5.24581736e-03,
       5.92422625e-03, -8.85054469e-03, -1.56530272e-02, 1.49138030e-02,
       3.06749586e-02, 4.39356193e-02, 5.60151711e-02, 2.22205706e-02,
       -1.41253998e-03, -1.14954757e-02, -1.61807369e-02,
       -3.25370133e-02, -7.12950155e-02, -2.13068500e-02, 2.99780779e-02,
       4.41020019e-02, 2.31427737e-02, -1.69121623e-02, -1.14297206e-02,
       -1.05010998e-02, -8.63467902e-03, -2.41180807e-02, 2.41183322e-02,
       1.03578239e-03, -1.11136818e-02, -2.47833226e-02, -9.02112294e-03,
       -2.64239181e-02, -1.76488236e-02, -3.98123786e-02,
       -5.08021303e-02, -2.43767537e-02, -2.15109494e-02,
       -1.38033582e-02, -1.89053044e-02, 3.18276621e-02, -5.38932346e-03,
       -2.94793257e-03, -2.00336232e-04, -1.82328001e-02, 4.48298827e-02,
       5.16836718e-02, 4.62932251e-02, 3.92119326e-02, -2.16641668e-02,
       -3.31149437e-02, -2.95773856e-02, -2.32005250e-02,
       -4.01448794e-02, -4.06183116e-02, -3.11869960e-02,
       -2.31333282e-02, -9.68051422e-03, 4.76443470e-02, 7.85643328e-03,
       1.28511796e-02, 8.39556661e-03, 8.64451285e-03, 2.37746127e-02,
       4.32481728e-02, 3.55680883e-02, 4.64653373e-02, -2.42348742e-02,
       -3.31517719e-02, -2.56046057e-02, -2.91498248e-02,
       -2.40925476e-02, -3.34930159e-02, -2.38651894e-02,
       -3.24023776e-02, -2.64165644e-02, 6.24245033e-03, 1.61737781e-02,
       1.31470999e-02, 3.02025471e-02, -8.95780418e-03, -4.83852159e-03,
       6.64084451e-03, 1.76978372e-02, 1.91527456e-02, -3.01492512e-02,
       -1.30604561e-02, -2.31241323e-02, -2.18231697e-02,
       -2.20438503e-02, -2.99803428e-02, -2.03914326e-02,
       -8.11418705e-03, -2.35621817e-02, 2.34268568e-02, 2.85832379e-02,
       1.68845505e-02, 2.16339212e-02, 2.90653743e-02, 1.52644180e-02,
       3.28661390e-02, 1.47572486e-02, 2.48817708e-02, -5.44185005e-03,
       -6.23400789e-03, -1.91097576e-02, -2.39654314e-02, 2.55729035e-02,
       -6.86464692e-03, -7.44103780e-03, -1.64272019e-03, 4.23044013e-03,
       -7.88223231e-04, -5.90862287e-03, -1.46558685e-02, 4.60782647e-03,
       5.60066616e-03, -7.52611412e-03, -6.91296719e-03, 7.65347900e-03,
       -1.00362126e-03, -1.33038433e-02, -1.72523111e-02,
       -4.88286430e-04, -1.60479378e-02, 3.27046700e-02, -3.30806859e-02,
       -2.87826993e-02, -2.83346288e-02, -1.47611191e-02, 1.70924943e-02,
       6.32516341e-03, 7.12752761e-03, 1.57313459e-02, 3.23648117e-02,
       1.68379620e-02, -6.35877391e-03, 1.14798695e-02, 1.70307029e-02,
       2.05028988e-02, 5.02446853e-03, 2.37145051e-02, 1.00710858e-02,
       3.84349115e-02, -1.60956532e-02, -5.34687331e-03, -1.18857464e-02,
       9.91209690e-03, -4.12315177e-03, -1.34271244e-03, -4.91077686e-03,
       2.04732679e-02, 2.67136525e-02, 1.31711792e-02, -1.12742027e-02,
       1.91031639e-02, 1.74349993e-02, -3.16127483e-03, -2.90300208e-03,
       9.35236830e-03, -3.44100199e-03, 4.97224554e-03, -9.82714817e-03,
       8.17945972e-03, 3.00094709e-02, 3.57283503e-02, -1.63175277e-02,
       1.43978279e-02, -3.03806062e-03, 1.09175779e-02, 5.52917086e-03,
       -1.55839641e-02, -6.77140011e-03, -2.34883907e-03,
       -1.93043798e-02, 2.89135845e-03, 8.38667154e-03, 5.81405708e-04,
       9.76381532e-04, 2.76313163e-02, -9.91730485e-03, 2.42670998e-02,
       2.45171543e-02, 1.57836080e-02, -2.80252378e-02, -2.41013840e-02,
       -1.58894006e-02, -2.27923840e-02, -2.20618583e-02,
       -2.11544521e-02, -1.12859448e-02, -9.86700971e-03,
       -1.73882693e-02, 1.03221359e-02, 1.86013393e-02, -2.60853837e-03,
       -1.08994255e-02, -7.10880340e-05, 1.69029552e-02, 1.07979495e-02,
       3.73798888e-03, -2.63725733e-03, -4.22768183e-02, -3.18623707e-02,
       -2.47433526e-03, -1.16532892e-02, -1.69012975e-02,
       -1.99315660e-02, -1.57859232e-02, -8.99080560e-03,
       -4.13512401e-02, 4.07147594e-02, 3.70733887e-02, 4.96652164e-02,
       6.19337969e-02, 3.38305160e-02, 3.15348804e-02, 1.94596983e-02,
       5.05398773e-02, 3.60711552e-02, -4.08099815e-02, -2.93546673e-02,
       -5.68618514e-02, -5.55887185e-02, -4.11926173e-02,
       -2.57470086e-02, -4.99715582e-02, -3.99929248e-02,
       -3.74293588e-02, -1.49475923e-02, -5.74205862e-03,
       -5.54042729e-03, -4.56641335e-03, -4.10693176e-02, 2.71538291e-02,
       1.25563480e-02, -5.62907569e-03, -1.56710446e-02, -1.88768450e-02,
       -1.56192491e-02, -5.25643528e-02, -2.26184893e-02,
       -3.23591158e-02, -4.33723442e-02, -3.07998639e-02,
       -2.50770897e-03, -1.85391493e-02, 5.14138117e-02, 5.86312264e-02,
       5.30475676e-02, 2.69930009e-02, 4.01511788e-02, 3.49167772e-02,
       5.61688952e-02, 6.52035847e-02, 5.43433689e-02, -1.18593285e-02,
       -2.63148453e-02, -3.63765471e-02, -2.27258801e-02,
       -5.35934754e-02, 4.29825671e-03, -3.98989692e-02, -4.09268960e-02,
       -2.66127065e-02, -1.28757022e-02, -2.89417505e-02,
       -3.75025049e-02, -2.66163591e-02, -4.14761081e-02,
       -1.64235234e-02, -2.54030935e-02, -3.88035886e-02,
       -2.70394366e-02, 3.42662854e-04, -7.13919243e-03, -4.25286213e-04,
       1.90091189e-02, 4.57261829e-03, 3.00871059e-02, 7.06598302e-03,
       -1.14553515e-02, 4.45230445e-03, 2.64245580e-04, -4.62565338e-03,
       1.37200803e-02, 8.55925214e-03, 1.15144104e-02, 3.99185857e-03,
       1.95335280e-02, -6.10892475e-03, 1.13780657e-02, 1.78762972e-02,
       -5.77553129e-03, -1.15273902e-02, -6.19544834e-03,
       -4.88336794e-02, -1.64613035e-02, 1.35269796e-03, 5.36868023e-03,
       7.35507626e-03, -4.32181545e-02, -5.32750860e-02, -4.68331203e-02,
       -4.51077670e-02, -6.65524453e-02, -5.79289123e-02,
