%YAML:1.0
---
detector: !!opencv-object-detector-hog
   winSize: [ 64, 64 ]
   blockSize: [ 16, 16 ]
   blockStride: [ 8, 8 ]
   cellSize: [ 8, 8 ]
   nbins: 9
   derivAperture: 1
   winSigma: 4.
   histogramNormType: 0
   L2HysThreshold: 2.0000000000000001e-01
   gammaCorrection: 1
   nlevels: 64
   signedGradient: 0
   SVMDetector: [ -1.94216762e-02, -5.43026105e-02, -4.65383902e-02,
       -3.50110084e-02, -4.45240065e-02, -3.70287709e-02,
       -1.68013554e-02, -1.10249147e-02, -1.15444427e-02, 1.57315340e-02,
       5.74155198e-03, 3.58523801e-02, 3.48566361e-02, 3.17047089e-02,
       -9.18767694e-03, 6.04834233e-04, -3.14177107e-03, -5.07335365e-03,
       -1.55431908e-02, -2.58273575e-02, -3.36932354e-02,
       -2.67568193e-02, 6.64054556e-03, -2.89475061e-02, -1.85724404e-02,
       -4.07694327e-03, 2.72716172e-02, -4.58990177e-03, 1.07821207e-02,
       3.42722461e-02, 4.73668799e-02, 3.72006446e-02, 1.65798198e-02,
       1.99750867e-02, 3.07949148e-02, 2.17658468e-02, -4.10023667e-02,
       -3.60630378e-02, -3.98385301e-02, -3.16610560e-02,
       -1.72095615e-02, -1.02792338e-01, -7.20562786e-02,
       -6.31602332e-02, -4.87838499e-02, 3.94626446e-02, 6.36027679e-02,
       5.58674894e-02, 6.49355799e-02, 4.37913276e-02, 7.03223124e-02,
       5.66467270e-02, 3.09150890e-02, 5.19535765e-02, -7.45270178e-02,
       -3.16390693e-02, -2.91721150e-02, -2.30373926e-02,
       -2.31049713e-02, -8.86723101e-02, -6.73727691e-02,
       -4.12397794e-02, -3.09813023e-02, 2.07452457e-02, 2.38042008e-02,
       4.61914390e-02, 6.38173223e-02, 4.33882736e-02, 3.82536091e-02,
       1.92593914e-02, 9.16987006e-03, 4.91794897e-03, -7.22936317e-02,
       -3.38918567e-02, -3.06457318e-02, -8.91533121e-02,
       -5.50102666e-02, 6.98386133e-03, -1.69296227e-02, -8.58496316e-03,
       -5.52816615e-02, 5.25881685e-02, 6.45188615e-02, 6.41563833e-02,
       3.63673940e-02, 3.72225456e-02, 4.26439084e-02, 9.00369138e-02,
       7.11430013e-02, 5.99482842e-02, -6.68633953e-02, -5.22694141e-02,
       -4.76858430e-02, -6.98245913e-02, -7.45388716e-02,
       -5.23648039e-02, -3.40358615e-02, -2.44650431e-02,
       -7.77861625e-02, 1.54539160e-02, 7.78866932e-03, 7.81464204e-03,
       -1.34290475e-02, -2.61842199e-02, 7.52833614e-04, 3.95120047e-02,
       2.74929218e-02, 2.31824387e-02, 4.27577943e-02, 2.79461481e-02,
       -3.27323959e-03, -4.67000604e-02, 2.11620331e-02, 3.32210325e-02,
       3.19218263e-02, 3.24160233e-02, 2.56064031e-02, -1.78300869e-03,
       3.65659967e-02, 3.63695459e-03, -6.72717020e-02, -9.20591280e-02,
       -3.21786590e-02, 1.91903301e-02, -6.15348760e-03, -2.16370597e-02,
       1.95923112e-02, 1.66977718e-02, -2.44897194e-02, -3.93126532e-02,
       2.30048019e-02, 2.98772659e-02, 3.36842723e-02, 2.87175011e-02,
       1.27430847e-02, -1.02038458e-02, 3.96239199e-02, 1.11334817e-02,
       -1.63881760e-02, -3.72621864e-02, -2.25368533e-02,
       -3.11944680e-03, -1.80966333e-02, -4.38545309e-02, 4.05582152e-02,
       3.23818550e-02, -1.45854903e-02, -5.13315015e-02, -6.14312813e-02,
       3.55219841e-02, 2.23545823e-02, 1.07426876e-02, 1.21914945e-03,
       -2.74114627e-02, -2.60853004e-02, -2.38006078e-02,
       -2.91923080e-02, -5.84092773e-02, -6.87083155e-02,
       -3.77003029e-02, -5.65746687e-02, -5.45185395e-02, 5.77638485e-02,
       5.63305616e-02, 1.82492435e-02, 4.41054404e-02, 3.22826691e-02,
       8.85658190e-02, 7.50796869e-02, 4.55323569e-02, 3.34176011e-02,
       -1.14791486e-02, -3.46872285e-02, -3.50000896e-02,
       -6.62767701e-03, -3.87902707e-02, -4.64481115e-02,
       -1.71515066e-02, -2.49298885e-02, -2.48880740e-02, 4.72063618e-03,
       -2.36645602e-02, -7.50355329e-03, 1.18255233e-02, -1.25666838e-02,
       3.69921662e-02, 3.67256328e-02, 2.31485777e-02, 4.77933139e-02,
       -6.51867688e-02, -6.18466511e-02, -4.13531251e-02,
       -3.48128863e-02, -2.64154114e-02, -1.26722706e-02,
       -4.08337153e-02, -2.88612135e-02, -1.72329564e-02, 2.56020632e-02,
       5.34811663e-03, 3.64808133e-03, 4.37043943e-02, 8.95612873e-04,
       5.20240664e-02, 5.22217117e-02, 4.77626696e-02, 5.33869229e-02,
       -3.22739407e-02, -3.89862917e-02, -5.93768014e-03,
       -2.57026907e-02, -2.28723790e-02, -1.48717407e-02,
       -4.13660295e-02, -9.77237802e-03, -2.82972027e-02,
       -1.34871257e-02, -1.89448148e-02, -4.66747937e-04, 2.05449667e-02,
       3.00813578e-02, 1.39399767e-02, 8.23719054e-03, 2.47100890e-02,
       1.21518178e-02, -2.43454408e-02, -1.88205522e-02, -1.80774182e-02,
       8.65905138e-04, 2.11293865e-02, -6.64682165e-02, -3.87799218e-02,
       -2.25735083e-02, -2.24760398e-02, 1.90719496e-02, 1.60878208e-02,
       3.35136466e-02, 3.48516479e-02, 2.12149322e-02, 2.64388304e-02,
       1.25372391e-02, 4.48748954e-02, 3.75130586e-02, 7.26771634e-03,
       1.46415699e-02, -3.46604884e-02, -1.57659762e-02, 1.66097414e-02,
       -4.39620055e-02, -5.75398430e-02, -1.14060789e-02, 9.44580883e-03,
       -3.28769386e-02, -1.33707942e-02, -3.40443477e-02,
       -3.53686512e-02, 3.34679498e-03, 1.49347279e-02, -2.03151871e-02,
       -3.40764970e-02, -4.32204548e-03, 1.17003371e-03, -5.89614443e-04,
       -5.35098230e-03, 3.95427234e-02, 2.01003905e-02, 1.16550159e-02,
       3.61405239e-02, 2.99914908e-02, 3.40891890e-02, -4.81514707e-02,
       -1.45191830e-02, -1.87843442e-02, -1.79838687e-02, 5.84046217e-03,
       3.62032801e-02, -1.39330924e-02, -4.87580113e-02, -3.91538963e-02,
       -1.37403430e-02, -4.54403274e-03, 1.11067190e-03, 5.36186136e-02,
       2.08338816e-02, 1.70870330e-02, 2.15737671e-02, -1.84721511e-03,
       -2.71871537e-02, -5.90362214e-02, -6.65281042e-02,
       -5.61203025e-02, -3.84234786e-02, -2.59249993e-02,
       -4.90135364e-02, -1.31787965e-02, 2.35924497e-03, -4.90667298e-03,
       4.25788499e-02, -7.63829285e-03, 1.52679184e-03, 3.95418853e-02,
       -4.03651735e-03, 4.02172431e-02, 6.21079952e-02, 6.52918071e-02,
       8.15108139e-03, -7.01437220e-02, -8.10526460e-02, -4.80054580e-02,
       -2.84526888e-02, -4.87312749e-02, -4.22639251e-02,
       -3.85607854e-02, -6.08450994e-02, -5.92141487e-02, 4.93970402e-02,
       1.02224238e-02, 4.56126407e-02, 7.83865675e-02, -1.88768432e-02,
       2.74294820e-02, 3.45215127e-02, 2.11325437e-02, 1.42725101e-02,
       -3.08928993e-02, -5.05445674e-02, -5.84769547e-02,
       -8.55638683e-02, -4.81505468e-02, -3.88741866e-02,
       -1.00010866e-02, -2.70018317e-02, -6.22685403e-02, 1.36174355e-02,
       -8.86070367e-04, 1.28666805e-02, 1.60955936e-02, -1.54680302e-02,
       4.24239412e-02, 5.90380244e-02, 3.26122716e-02, 1.41124306e-02,
       -2.45337617e-02, -5.83563410e-02, -7.74221867e-02,
       -1.01819046e-01, -6.08304217e-02, -7.47689903e-02,
       -3.73917222e-02, -3.62545215e-02, -2.68889479e-02, 2.99868472e-02,
       5.84240770e-03, 5.22470325e-02, 1.53471986e-02, 1.40172970e-02,
       3.46325450e-02, 5.84021807e-02, 3.44732292e-02, 2.90163681e-02,
       -2.68376619e-02, -2.27237642e-02, -1.96427256e-02,
       -3.00914794e-02, 3.45761776e-02, 4.63680774e-02, -4.26473506e-02,
       -1.39240688e-02, -3.29329185e-02, -1.80039704e-02, 6.16314402e-03,
       2.33350676e-02, 3.56388129e-02, 3.66906412e-02, 1.87712279e-03,
       -5.76964356e-02, -3.22219059e-02, -3.37132178e-02,
       -2.19698753e-02, -2.05378216e-02, 1.37772765e-02, 3.99196036e-02,
       3.93212866e-03, 1.63778663e-02, -1.88563317e-02, -4.54348959e-02,
       -3.72053422e-02, -5.65909874e-03, -1.94738079e-02, 1.99328419e-02,
       4.57007363e-02, 5.04566133e-02, -3.34124500e-03, -1.00920508e-02,
       -3.63733545e-02, -2.91193114e-03, 5.92310121e-03, -1.24702435e-02,
       1.22424951e-02, 1.83655489e-02, 1.86561160e-02, 5.03757745e-02,
       3.35835642e-03, -6.13369397e-04, 3.02524474e-02, -4.43034582e-02,
       -7.70190954e-02, -3.70572656e-02, -2.34780349e-02,
       -6.03919290e-02, -7.74053559e-02, -6.01438060e-02,
       -4.67174985e-02, -2.90230121e-02, 1.84153169e-02, -1.01406621e-02,
