%YAML:1.0
---
detector: !!opencv-object-detector-hog
   winSize: [ 64, 64 ]
   blockSize: [ 16, 16 ]
   blockStride: [ 8, 8 ]
   cellSize: [ 8, 8 ]
   nbins: 9
   derivAperture: 1
   winSigma: 4.
   histogramNormType: 0
   L2HysThreshold: 2.0000000000000001e-01
   gammaCorrection: 1
   nlevels: 64
   signedGradient: 0
   SVMDetector: [ -2.08144132e-02, -2.12259833e-02, -2.12645065e-02,
       8.19741096e-03, -2.71966234e-02, 7.08027370e-03, 1.39103103e-02,
       1.15026266e-03, -1.36658200e-03, 8.44043400e-03, 1.37375817e-02,
       1.23691279e-02, 7.08413273e-02, 2.52568088e-02, 3.16280574e-02,
       9.54352766e-02, 5.99371232e-02, 9.77357570e-03, -5.66119037e-04,
       -2.24783085e-02, -4.57951427e-02, -7.77193438e-03,
       -4.43916069e-03, 2.55660880e-02, -1.95444375e-02, -1.49460295e-02,
       7.06109917e-03, 1.83046702e-02, 7.95892254e-03, -7.96062127e-03,
       2.56627854e-02, -1.57708693e-02, 6.17648102e-03, 5.58248758e-02,
       4.33038920e-02, 1.14964591e-02, 1.33602060e-02, 1.47618940e-02,
       -6.29411638e-03, 4.84123006e-02, 1.36652021e-02, 3.40456404e-02,
       8.41348618e-02, 2.51621604e-02, -4.14111419e-03, 3.85618396e-02,
       2.35410277e-02, 2.52686366e-02, 5.51625788e-02, -7.82501418e-03,
       -2.37451885e-02, 3.60039063e-02, 2.11594552e-02, 2.66289320e-02,
       -8.35100655e-03, -8.00916273e-03, -3.08493152e-02,
       -7.65995309e-03, -3.94455716e-02, -1.91389397e-02, 2.61476599e-02,
       4.88504814e-03, -1.75703801e-02, 1.34490160e-02, 1.76173879e-03,
       2.42039468e-03, 1.12999724e-02, -6.46049753e-02, -4.66959774e-02,
       -2.33218353e-03, -1.07647907e-02, -2.58587068e-03, 1.98121723e-02,
       -5.20610344e-03, -1.27945840e-02, 4.65682819e-02, 2.00696718e-02,
       -3.18533108e-02, 1.36676151e-02, 1.09192310e-02, 2.05136947e-02,
       3.88455540e-02, 3.37359011e-02, 4.24840488e-02, 6.56262264e-02,
       -5.97468624e-03, -1.45181036e-02, 2.56293118e-02, -2.75587523e-03,
       3.74298473e-03, 3.96018708e-03, -1.70754436e-02, 6.85865805e-03,
       2.90621985e-02, -2.54036225e-02, -6.91889450e-02, -1.40973711e-02,
       -2.17010621e-02, 5.12071466e-03, 2.87711900e-03, -3.58133926e-03,
       5.50778322e-02, 3.21491286e-02, -1.15181440e-02, -1.34316310e-02,
       1.61575805e-02, -1.74234081e-02, 9.63878061e-04, 3.46762724e-02,
       5.25212660e-02, 2.04422008e-02, 4.60865162e-02, -2.46593170e-03,
       3.67350653e-02, 3.35757658e-02, -1.20271146e-02, 6.90407027e-03,
       -4.92242770e-03, 1.22857578e-02, -4.94193425e-03, 1.88987572e-02,
       -3.29474136e-02, 1.82030187e-03, -3.28076747e-03, -2.58407220e-02,
       -2.23308969e-02, 5.84846968e-03, 7.45308120e-03, 1.73686687e-02,
       5.32254465e-02, 4.75089438e-03, 2.10856125e-02, 3.34649980e-02,
       -1.46845337e-02, 9.53631196e-03, -1.89955942e-02, -6.19118847e-03,
       7.41036376e-03, 1.25369581e-03, -5.42980211e-04, -1.70784915e-04,
       5.23334835e-03, -1.97177362e-02, -7.11860415e-03, 2.39280984e-02,
       8.54808390e-02, 4.47138362e-02, 4.84084617e-03, -2.84716450e-02,
       -1.00225899e-02, -2.29500812e-02, -1.02006169e-02,
       -1.83853996e-03, -7.00318627e-03, 1.14669241e-01, 2.58737672e-02,
       -1.59739405e-02, -4.09361161e-02, -4.12527956e-02,
       -7.47273117e-02, -3.95945162e-02, -5.37320487e-02,
       -4.64588404e-03, 1.06275007e-01, 8.35152045e-02, 1.26421340e-02,
       -1.86069515e-02, 1.79938283e-02, 4.86663170e-03, -3.69147980e-03,
       -1.14114000e-03, -2.26969682e-02, 4.04361933e-02, 2.70858034e-02,
       -3.02555356e-02, -2.53641680e-02, -8.78204592e-03,
       -5.58826588e-02, -5.47010228e-02, -8.41914639e-02, 6.55700117e-02,
       1.76223233e-01, 8.15802738e-02, -1.34611158e-02, -6.04662709e-02,
       -3.72171812e-02, -5.96327148e-02, -2.92430371e-02,
       -2.88170222e-02, 3.05706616e-02, 1.66397601e-01, 8.14382657e-02,
       -2.50225198e-02, -4.85091060e-02, -4.52666655e-02,
       -3.84692140e-02, -2.83564497e-02, -5.61212413e-02, 2.59170476e-02,
       7.37873241e-02, 9.88793001e-03, -1.84821133e-02, -3.00473813e-02,
       -1.12249563e-02, -5.83884493e-02, -5.80778979e-02,
       -7.41247162e-02, -1.88911799e-02, 2.93707550e-02, 7.01604597e-03,
       -2.63025854e-02, -2.03102175e-02, -3.30497697e-02,
       -4.05165218e-02, -5.48707917e-02, -8.09332952e-02, 3.63783576e-02,
       1.22318797e-01, 7.26266056e-02, -2.94649944e-05, -3.56465951e-02,
       -7.08083156e-03, 7.28387968e-04, -9.05767269e-03, -4.43621241e-02,
       3.73538584e-02, 9.10610110e-02, 2.71644555e-02, -1.12367999e-02,
       -2.80125085e-02, -1.54260155e-02, -2.78811064e-02,
       -4.04419340e-02, -3.85096334e-02, -1.01394355e-02, 3.28102894e-02,
       2.24822946e-02, 1.01876687e-02, -1.13625433e-02, -7.29254214e-04,
       -8.10746104e-03, -1.14015453e-02, -4.65343520e-02, 1.47729032e-02,
       5.58238216e-02, -1.83838736e-02, 6.39326498e-03, 1.40746664e-02,
       8.43399111e-03, -2.93441322e-02, -3.89275812e-02, -4.49695326e-02,
       -1.01399459e-02, -3.27696167e-02, -6.17972016e-02, 1.97283836e-04,
       4.62933704e-02, 4.59373407e-02, -2.90496107e-02, -1.94921680e-02,
       -9.76390671e-03, 1.37227131e-02, 4.48425254e-03, -2.15419792e-02,
       4.99094389e-02, 5.60747599e-03, 1.86443515e-02, 2.89968569e-02,
       4.20183465e-02, 1.40279690e-02, -1.83751900e-02, -4.29186337e-02,
       -7.20677003e-02, -1.00680916e-02, 4.67274599e-02, 9.34738666e-03,
       -5.77289239e-02, -4.55051325e-02, -2.95383465e-02, 2.94645242e-02,
       1.18186893e-02, -2.72384118e-02, 2.62638703e-02, -8.33957363e-03,
       -5.29370876e-03, 3.99241311e-04, 2.23314650e-02, 1.21414233e-02,
       -4.08432167e-03, 9.16904304e-03, -1.21808331e-02, 3.60994227e-02,
       1.62856244e-02, 1.32120284e-03, 2.17127167e-02, 2.22942363e-02,
       -3.23165930e-03, 5.33136353e-03, 1.58052528e-04, -3.02825100e-03,
       3.55253108e-02, -3.12200431e-02, -3.64025496e-02, 1.03485826e-02,
       1.24407960e-02, 2.41554715e-03, 1.16098067e-02, -1.78367912e-03,
       -2.94267330e-02, 5.56139974e-03, 1.33788483e-02, -1.63900144e-02,
       4.03465796e-03, 1.68127175e-02, 7.56982109e-03, 3.30901707e-06,
       -2.08595358e-02, -3.47533524e-02, -1.24681164e-02,
       -1.92948841e-02, -4.29475866e-02, -2.84779747e-03, 1.73929147e-02,
       -1.46076048e-03, 8.97043850e-04, -1.44206556e-02, 9.52606276e-03,
       5.18331900e-02, -9.83625464e-03, -4.15196195e-02, -4.34242515e-03,
       -6.89192209e-03, -1.07551925e-03, 1.40310975e-03, -8.52847751e-03,
       4.92473580e-02, 8.28028992e-02, 1.90828945e-02, 2.99922843e-02,
       1.71996262e-02, -1.30419219e-02, 2.46840552e-03, -1.96402171e-03,
       -3.31922024e-02, -1.88476518e-02, 1.96882114e-02, -2.56793685e-02,
       -6.98349103e-02, -2.99659502e-02, 6.69277972e-04, -1.15758432e-02,
       -2.04373524e-02, -2.65873913e-02, 4.86835912e-02, 6.54609874e-02,
       1.72340835e-03, -4.20103818e-02, -4.07957844e-02, -4.42017727e-02,
       -2.68425122e-02, 2.73676813e-02, -6.07090723e-03, 1.07149417e-02,
       6.51137084e-02, -1.21917678e-02, 1.27877481e-02, -8.77769291e-03,
       -1.38966702e-02, 2.72918828e-02, 1.46020753e-02, 4.09885757e-02,
       4.39568125e-02, 1.77997053e-02, -6.44234475e-03, -1.45851150e-02,
       -1.14976596e-02, 8.08594516e-04, 2.95192283e-02, 2.26434972e-02,
       -6.93036010e-03, 4.50377502e-02, 7.88348988e-02, 3.06000337e-02,
       -9.75558255e-03, -2.33723596e-02, -1.99110042e-02, 3.64178866e-02,
       3.89752612e-02, 1.96808651e-02, 5.21759354e-02, -7.82860443e-04,
       -1.41795166e-02, -1.33298105e-02, -5.80499461e-03, 2.20189500e-03,
       4.29719351e-02, 1.30372273e-03, 6.00804836e-02, 4.43300903e-02,
       1.00382492e-02, -1.69478748e-02, 9.54573043e-03, 6.90821512e-03,
       2.31280979e-02, 3.80429476e-02, -2.43005045e-02, 4.41368595e-02,
       -5.08084707e-03, -3.04617826e-02, -4.71809646e-03,
       -1.74106727e-03, -2.99369581e-02, -2.97997724e-02,
       -4.37031910e-02, 8.83142278e-03, 5.47746234e-02, 3.23168747e-02,
